0 0.000000
0 1.010000
4 1.010000
5 1.010000
18 1.010000
108 1.020100
172 1.020100
189 1.020100
209 1.020100
230 1.020100
275 1.020100
344 1.020100
379 1.020100
406 1.020100
472 1.020100
502 1.020100
586 1.020100
642 1.020100
829 1.020100
859 1.020100
900 1.020100
924 1.020100
1020 1.020100
1155 1.020100
1189 1.020100
1352 1.020100
1392 1.020100
1408 1.020100
1416 1.020100
1480 1.020100
1556 1.020100
1561 1.020100
1591 1.020100
1635 1.020100
1733 1.020100
1930 1.020100
2010 1.020100
2028 1.020100
2032 1.020100
2121 1.020100
2173 1.020100
2181 1.020100
2369 1.020100
2424 1.020100
2508 1.020100
2557 1.020100
2596 1.020100
2612 1.020100
2644 1.020100
2696 1.020100
2708 1.020100
2712 1.020100
2809 1.020100
2852 1.020100
2874 1.020100
2897 1.020100
2958 1.020100
2992 1.020100
3045 1.020100
3085 1.020100
3206 1.020100
3207 1.020100
3277 1.020100
3434 1.020100
3479 1.020100
3506 1.020100
3692 1.020100
3725 1.020100
3813 1.020100
3960 1.020100
3991 1.020100
4010 1.020100
4076 1.020100
4128 1.020100
4190 1.020100
4256 1.020100
4330 1.020100
4475 1.020100
4480 1.020100
4487 1.020100
4500 1.020100
4527 1.020100
4548 1.020100
4618 1.020100
4734 1.020100
4773 1.020100
4818 1.020100
4833 1.020100
4842 1.020100
4882 1.020100
5030 1.020100
5044 1.020100
5092 1.020100
5177 1.020100
5279 1.020100
5430 1.020100
5439 1.020100
5602 1.020100
5639 1.020100
5800 1.020100
5842 1.020100
5843 1.020100
5893 1.020100
5980 1.020100
6009 1.020100
6063 1.020100
6072 1.020100
6103 1.020100
6205 1.020100
6255 1.020100
6314 1.020100
6337 1.020100
6382 1.020100
6418 1.020100
6519 1.020100
6601 1.020100
6623 1.020100
6682 1.020100
6735 1.020100
6775 1.020100
6848 1.020100
6857 1.020100
6870 1.020100
6918 1.020100
6921 1.020100
6931 1.020100
7013 1.020100
7048 1.020100
7190 1.020100
7208 1.020100
7244 1.030301
7311 1.030301
7315 1.030301
7384 1.030301
7512 1.030301
7558 1.030301
7711 1.030301
7775 1.030301
7854 1.030301
7858 1.030301
7885 1.030301
7899 1.030301
7909 1.030301
7916 1.030301
7981 1.030301
7999 1.030301
8119 1.030301
8136 1.030301
8144 1.030301
8290 1.030301
8355 1.030301
8371 1.030301
8402 1.030301
8512 1.030301
8594 1.030301
8690 1.030301
8703 1.030301
8742 1.030301
8746 1.030301
8893 1.030301
8944 1.030301
8955 1.030301
9009 1.030301
9061 1.030301
9096 1.030301
9109 1.030301
9304 1.030301
9354 1.030301
9357 1.030301
9369 1.030301
9404 1.030301
9407 1.030301
9418 1.030301
9460 1.030301
9468 1.030301
9472 1.030301
9549 1.030301
9736 1.030301
9802 1.030301
9850 1.030301
9987 1.030301
10004 1.030301
10101 1.030301
10185 1.030301
10198 1.030301
10248 1.030301
10264 1.030301
10318 1.020100
10358 1.020100
10393 1.020100
10489 1.020100
10503 1.020100
10559 1.020100
10565 1.020100
10581 1.020100
10593 1.020100
10661 1.020100
10703 1.020100
10721 1.020100
10731 1.020100
10782 1.020100
10844 1.020100
10890 1.020100
10901 1.020100
10935 1.020100
10967 1.020100
10988 1.020100
11021 1.020100
11074 1.020100
11234 1.020100
11310 1.020100
11311 1.020100
11338 1.020100
11356 1.020100
11378 1.020100
11447 1.020100
11509 1.020100
11665 1.020100
11694 1.020100
11791 1.020100
11808 1.020100
11818 1.020100
11828 1.020100
11900 1.020100
11933 1.020100
12000 1.020100
12122 1.020100
12132 1.020100
12188 1.020100
12191 1.020100
12202 1.020100
12297 1.020100
12310 1.020100
12352 1.020100
12400 1.020100
12416 1.020100
12425 1.020100
12447 1.020100
12460 1.020100
12462 1.020100
12598 1.020100
12745 1.020100
12777 1.020100
12798 1.020100
12847 1.020100
12940 1.020100
12950 1.020100
13006 1.020100
13065 1.020100
13183 1.020100
13262 1.020100
13336 1.020100
13377 1.020100
13428 1.020100
13614 1.020100
13620 1.020100
13684 1.020100
13730 1.020100
13755 1.020100
13772 1.020100
13811 1.020100
13844 1.020100
13871 1.020100
14005 1.020100
14040 1.020100
14120 1.020100
14136 1.020100
14158 1.020100
14162 1.020100
14170 1.020100
14283 1.020100
14311 1.020100
14451 1.020100
14459 1.020100
14509 1.020100
14606 1.020100
14634 1.020100
14651 1.020100
14692 1.020100
14794 1.020100
14807 1.020100
14822 1.020100
14911 1.020100
14984 1.020100
14987 1.020100
15025 1.020100
15051 1.020100
15060 1.020100
15140 1.020100
15295 1.020100
15362 1.020100
15537 1.020100
15617 1.020100
15633 1.020100
15646 1.020100
15673 1.020100
15691 1.020100
15842 1.020100
15848 1.020100
15950 1.020100
15985 1.020100
15991 1.020100
16019 1.020100
16102 1.020100
16191 1.020100
16244 1.020100
16279 1.020100
16293 1.020100
16388 1.020100
16406 1.020100
16416 1.020100
16470 1.020100
16578 1.020100
16669 1.020100
16868 1.020100
16952 1.020100
16976 1.020100
17078 1.020100
17100 1.020100
17108 1.020100
17163 1.020100
17190 1.020100
17295 1.020100
17309 1.020100
17323 1.020100
17343 1.020100
17501 1.020100
17512 1.020100
17572 1.020100
17618 1.020100
17770 1.020100
17866 1.020100
17899 1.020100
17951 1.020100
18134 1.020100
18148 1.020100
18151 1.020100
18184 1.020100
18215 1.020100
18242 1.020100
18262 1.020100
18397 1.020100
18399 1.020100
18432 1.020100
18514 1.020100
18551 1.020100
18576 1.020100
18626 1.020100
18649 1.020100
18661 1.020100
18675 1.020100
18759 1.020100
18782 1.020100
18895 1.020100
18951 1.020100
19030 1.020100
19106 1.020100
19108 1.020100
19249 1.020100
19355 1.020100
19360 1.020100
19366 1.020100
19383 1.020100
19415 1.020100
19486 1.020100
19664 1.020100
19723 1.020100
19901 1.020100
19931 1.020100
19933 1.020100
20095 1.020100
20106 1.020100
20272 1.020100
20398 1.020100
20430 1.020100
20439 1.020100
20474 1.020100
20533 1.020100
20596 1.020100
20633 1.020100
20642 1.020100
20651 1.020100
20656 1.020100
20703 1.020100
20710 1.020100
20772 1.020100
20836 1.020100
20867 1.020100
20868 1.020100
20906 1.020100
20909 1.020100
20946 1.020100
20949 1.020100
20971 1.020100
20978 1.020100
21051 1.020100
21200 1.020100
21326 1.020100
21487 1.020100
21491 1.020100
21684 1.020100
21714 1.020100
21750 1.020100
21770 1.020100
21783 1.020100
21856 1.020100
21890 1.020100
21929 1.020100
21968 1.020100
22068 1.020100
22085 1.020100
22089 1.020100
22135 1.020100
22305 1.020100
22372 1.020100
22426 1.020100
22461 1.020100
22560 1.020100
22623 1.020100
22784 1.020100
22887 1.020100
22943 1.020100
22962 1.020100
22964 1.020100
22989 1.020100
23049 1.020100
23202 1.020100
23239 1.020100
23323 1.020100
23347 1.020100
23440 1.020100
23538 1.020100
23629 1.020100
23642 1.020100
23745 1.020100
23897 1.020100
23898 1.020100
23940 1.020100
24074 1.020100
24075 1.020100
24167 1.020100
24281 1.020100
24301 1.020100
24357 1.020100
24368 1.020100
24392 1.020100
24417 1.020100
24418 1.020100
24426 1.020100
24453 1.020100
24517 1.020100
24591 1.020100
24655 1.020100
24664 1.020100
24829 1.020100
24835 1.020100
24869 1.020100
24919 1.020100
25013 1.020100
25014 1.020100
25021 1.020100
25079 1.020100
25090 1.020100
25143 1.020100
25145 1.020100
25294 1.020100
25362 1.020100
25469 1.020100
25489 1.020100
25527 1.020100
25545 1.020100
25682 1.020100
25708 1.020100
25731 1.020100
25922 1.020100
25962 1.020100
25992 1.020100
26066 1.020100
26260 1.020100
26262 1.020100
26266 1.020100
26352 1.020100
26353 1.020100
26437 1.020100
26452 1.020100
26475 1.020100
26479 1.020100
26547 1.020100
26572 1.020100
26657 1.020100
26673 1.020100
26781 1.010000
26788 1.010000
26819 1.010000
26987 1.010000
27009 1.010000
27132 1.010000
27143 1.010000
27148 1.010000
27300 1.010000
27301 1.010000
27351 1.010000
27445 1.010000
27481 1.010000
27490 1.010000
27567 1.010000
27614 1.010000
27616 1.010000
27655 1.010000
27666 1.010000
27732 1.010000
27778 1.010000
27804 1.010000
27825 1.010000
27840 1.010000
27858 1.010000
27941 1.010000
27975 1.010000
28015 1.010000
28059 1.010000
28070 1.010000
28229 1.010000
28285 1.010000
28366 1.010000
28399 1.010000
28402 1.010000
28425 1.010000
28614 1.010000
28638 1.010000
28653 1.010000
28683 1.010000
28729 1.010000
28794 1.010000
28903 1.010000
28951 1.010000
29073 1.010000
29084 1.010000
29123 1.010000
29130 1.010000
29178 1.010000
29228 1.010000
29340 1.010000
29349 1.010000
29450 1.010000
29486 1.010000
29539 1.010000
29549 1.010000
29606 1.010000
29678 1.010000
29692 1.010000
29734 1.010000
29822 1.010000
29940 1.010000
29947 1.010000
29991 1.010000
30039 1.010000
30069 1.010000
30132 1.010000
30165 1.010000
30209 1.010000
30270 1.010000
30282 1.010000
30389 1.010000
30474 1.010000
30514 1.010000
30534 1.010000
30641 1.010000
30701 1.010000
30798 1.010000
30927 1.010000
30978 1.010000
30993 1.010000
31105 1.010000
31298 1.010000
31344 1.010000
31349 1.010000
31481 1.010000
31539 1.010000
31575 1.010000
31767 1.010000
31771 1.010000
31877 1.010000
31985 1.010000
31995 1.010000
32019 1.010000
32033 1.010000
32071 1.010000
32110 1.010000
32219 1.010000
32244 1.010000
32298 1.010000
32303 1.010000
32329 1.010000
32375 1.010000
32523 1.010000
32689 1.010000
32699 1.010000
32702 1.010000
32758 1.010000
32810 1.010000
32856 1.010000
32979 1.010000
33095 1.010000
33130 1.010000
33134 1.010000
33162 1.010000
33254 1.010000
33265 1.010000
33306 1.010000
33354 1.010000
33361 1.010000
33398 1.010000
33461 1.010000
33474 1.010000
33611 1.010000
33623 1.010000
33758 1.010000
33778 1.010000
33819 1.010000
33895 1.010000
33947 1.010000
34003 1.010000
34150 1.010000
34200 1.010000
34306 1.010000
34368 1.010000
34423 1.010000
34455 1.010000
34471 1.010000
34482 1.020100
34525 1.020100
34545 1.020100
34698 1.020100
34761 1.020100
34830 1.020100
34860 1.020100
35022 1.020100
35061 1.020100
35094 1.020100
35122 1.020100
35124 1.020100
35189 1.020100
35203 1.020100
35280 1.020100
35309 1.020100
35361 1.020100
35366 1.020100
35417 1.020100
35528 1.020100
35655 1.020100
35850 1.020100
36038 1.020100
36060 1.020100
36182 1.020100
36225 1.020100
36267 1.020100
36413 1.020100
36440 1.020100
36521 1.020100
36605 1.020100
36636 1.020100
36688 1.020100
36697 1.020100
36828 1.020100
36903 1.020100
36904 1.020100
37013 1.020100
37014 1.020100
37038 1.020100
37165 1.020100
37306 1.020100
37316 1.020100
37344 1.020100
37350 1.020100
37384 1.020100
37408 1.020100
37415 1.020100
37539 1.020100
37657 1.020100
37687 1.020100
37741 1.020100
37786 1.020100
37838 1.020100
37848 1.020100
37849 1.020100
37937 1.020100
37951 1.020100
38028 1.020100
38038 1.020100
38173 1.020100
38195 1.020100
38270 1.020100
38369 1.020100
38451 1.020100
38473 1.020100
38508 1.020100
38512 1.020100
38597 1.020100
38600 1.020100
38608 1.020100
38705 1.020100
38860 1.020100
38921 1.020100
39033 1.020100
39140 1.020100
39191 1.020100
39197 1.020100
39309 1.020100
39315 1.020100
39337 1.020100
39366 1.020100
39406 1.020100
39421 1.020100
39424 1.020100
39426 1.020100
39469 1.020100
39526 1.020100
39630 1.020100
39700 1.020100
39762 1.020100
39776 1.020100
39817 1.020100
39875 1.020100
39885 1.020100
39888 1.020100
39896 1.020100
39902 1.020100
40002 1.020100
40119 1.020100
40122 1.020100
40169 1.020100
40216 1.030301
40246 1.030301
40331 1.030301
40413 1.030301
40436 1.030301
40444 1.030301
40449 1.030301
40496 1.030301
40606 1.030301
40639 1.030301
40721 1.030301
40875 1.030301
41075 1.030301
41160 1.030301
41204 1.030301
41290 1.030301
41318 1.030301
41380 1.030301
41382 1.030301
41473 1.030301
41536 1.030301
41572 1.030301
41582 1.030301
41649 1.030301
41772 1.030301
41887 1.030301
41935 1.030301
41970 1.030301
41979 1.030301
42102 1.030301
42211 1.030301
42276 1.030301
42321 1.030301
42457 1.030301
42490 1.030301
42643 1.030301
42689 1.030301
42842 1.030301
43014 1.030301
43193 1.030301
43237 1.030301
43333 1.030301
43357 1.030301
43410 1.030301
43439 1.030301
43459 1.030301
43460 1.030301
43463 1.030301
43534 1.030301
43667 1.030301
43703 1.030301
43749 1.030301
43832 1.030301
43890 1.030301
43898 1.030301
43915 1.040604
44003 1.040604
44076 1.051010
44135 1.051010
44147 1.051010
44153 1.051010
44216 1.051010
44254 1.051010
44317 1.051010
44362 1.051010
44430 1.051010
44582 1.051010
44608 1.051010
44652 1.051010
44717 1.051010
44720 1.051010
44802 1.051010
44835 1.051010
44847 1.051010
45035 1.051010
45042 1.051010
45100 1.051010
45102 1.051010
45264 1.051010
45278 1.051010
45280 1.051010
45284 1.051010
45459 1.051010
45489 1.051010
45505 1.051010
45548 1.051010
45576 1.051010
45738 1.051010
45806 1.051010
45906 1.051010
45912 1.051010
45960 1.051010
45964 1.051010
45965 1.051010
46013 1.051010
46045 1.051010
46051 1.051010
46110 1.051010
46113 1.051010
46180 1.051010
46243 1.051010
46379 1.051010
46400 1.051010
46428 1.051010
46487 1.051010
46506 1.051010
46520 1.051010
46525 1.051010
46695 1.051010
46736 1.051010
46895 1.051010
46952 1.051010
46987 1.051010
46992 1.051010
47030 1.051010
47033 1.051010
47058 1.051010
47068 1.051010
47093 1.051010
47119 1.051010
47192 1.051010
47292 1.051010
47301 1.051010
47323 1.051010
47331 1.051010
47338 1.051010
47380 1.051010
47569 1.051010
47649 1.051010
47715 1.051010
47820 1.051010
47874 1.051010
47952 1.051010
48047 1.051010
48192 1.051010
48226 1.051010
48357 1.051010
48510 1.051010
48526 1.051010
48533 1.051010
48551 1.051010
48554 1.051010
48585 1.051010
48700 1.051010
48712 1.051010
48740 1.051010
48768 1.051010
48845 1.040604
48923 1.040604
48925 1.051010
49052 1.051010
49092 1.051010
49104 1.051010
49125 1.051010
49130 1.051010
49142 1.051010
49178 1.051010
49199 1.051010
49289 1.051010
49308 1.051010
49437 1.051010
49445 1.051010
49467 1.051010
49474 1.051010
49536 1.051010
49624 1.051010
49637 1.051010
49684 1.051010
49690 1.051010
49778 1.072135
49809 1.072135
49842 1.072135
49868 1.072135
49952 1.072135
49963 1.072135
49988 1.072135
49996 1.072135
50006 1.072135
50087 1.072135
50117 1.072135
50152 1.072135
50236 1.072135
50271 1.072135
50295 1.072135
50302 1.072135
50449 1.072135
50455 1.072135
50483 1.072135
50490 1.072135
50667 1.072135
50686 1.061520
50696 1.061520
50793 1.061520
50849 1.061520
50853 1.061520
51043 1.061520
51077 1.061520
51164 1.061520
51186 1.061520
51234 1.061520
51249 1.061520
51299 1.061520
51336 1.061520
51387 1.061520
51391 1.061520
51431 1.061520
51500 1.061520
51547 1.061520
51738 1.061520
51846 1.061520
51916 1.061520
52083 1.061520
52130 1.061520
52191 1.061520
52294 1.061520
52365 1.061520
52468 1.061520
52519 1.061520
52520 1.061520
52557 1.061520
52617 1.061520
52677 1.061520
52689 1.061520
52785 1.061520
52825 1.061520
52847 1.061520
52918 1.061520
52937 1.061520
52960 1.061520
52981 1.061520
53062 1.061520
53070 1.061520
53201 1.061520
53247 1.061520
53255 1.061520
53305 1.061520
53351 1.061520
53504 1.061520
53633 1.061520
53742 1.061520
53755 1.061520
53794 1.061520
53946 1.061520
54071 1.061520
54106 1.061520
54132 1.061520
54229 1.061520
54359 1.061520
54376 1.061520
54531 1.061520
54602 1.061520
54644 1.061520
54691 1.061520
54715 1.061520
54721 1.061520
54869 1.061520
54884 1.061520
54936 1.061520
54968 1.061520
54990 1.061520
55127 1.061520
55130 1.061520
55202 1.061520
55208 1.061520
55241 1.061520
55286 1.061520
55289 1.061520
55329 1.061520
55439 1.061520
55468 1.061520
55579 1.061520
55698 1.061520
55713 1.061520
55833 1.061520
56029 1.061520
56098 1.061520
56102 1.061520
56123 1.061520
56139 1.061520
56155 1.061520
56191 1.061520
56212 1.061520
56284 1.061520
56411 1.061520
56572 1.061520
56666 1.061520
56718 1.061520
56782 1.061520
56844 1.061520
56848 1.061520
56916 1.061520
56945 1.061520
56973 1.061520
56982 1.061520
56983 1.061520
57000 1.061520
57092 1.061520
57110 1.061520
57149 1.061520
57188 1.061520
57189 1.061520
57248 1.061520
57293 1.061520
57333 1.061520
57424 1.061520
57526 1.061520
57529 1.061520
57535 1.061520
57618 1.061520
57690 1.061520
57733 1.061520
57737 1.061520
57805 1.061520
57820 1.061520
57858 1.061520
57980 1.061520
58007 1.061520
58192 1.061520
58195 1.061520
58264 1.061520
58290 1.061520
58365 1.061520
58395 1.061520
58410 1.061520
58417 1.061520
58418 1.061520
58543 1.061520
58691 1.061520
58713 1.061520
58720 1.061520
58813 1.061520
59002 1.061520
59007 1.061520
59024 1.061520
59038 1.072135
59058 1.072135
59069 1.072135
59105 1.072135
59300 1.072135
59303 1.072135
59340 1.072135
59419 1.072135
59432 1.072135
59438 1.072135
59445 1.072135
59453 1.072135
59489 1.072135
59623 1.072135
59763 1.072135
59774 1.072135
59785 1.072135
59953 1.072135
59969 1.072135
59974 1.072135
59983 1.072135
60018 1.072135
60028 1.072135
60218 1.072135
60237 1.072135
60282 1.072135
60312 1.072135
60320 1.072135
60372 1.072135
60374 1.072135
60423 1.072135
60433 1.072135
60501 1.072135
60512 1.072135
60603 1.072135
60642 1.072135
60812 1.072135
60885 1.072135
60941 1.072135
60976 1.072135
61137 1.072135
61155 1.072135
61270 1.072135
61326 1.072135
61336 1.072135
61445 1.072135
61544 1.072135
61619 1.072135
61673 1.072135
61710 1.072135
61747 1.072135
61833 1.072135
61917 1.072135
61966 1.072135
62084 1.072135
62172 1.072135
62348 1.072135
62402 1.072135
62487 1.072135
62676 1.072135
62699 1.072135
62720 1.072135
62772 1.072135
62779 1.072135
62809 1.072135
62843 1.072135
62893 1.072135
62969 1.072135
63027 1.072135
63030 1.072135
63168 1.072135
63213 1.072135
63314 1.072135
63369 1.072135
63396 1.072135
63397 1.072135
63458 1.072135
63657 1.072135
63724 1.072135
63779 1.072135
63841 1.072135
64008 1.072135
64028 1.072135
64174 1.072135
64273 1.072135
64292 1.072135
64334 1.072135
64412 1.072135
64421 1.072135
64469 1.072135
64585 1.072135
64596 1.072135
64608 1.072135
64658 1.072135
64741 1.072135
64853 1.072135
64929 1.072135
65025 1.072135
65080 1.072135
65094 1.072135
65099 1.072135
65118 1.072135
65208 1.072135
65241 1.082857
65359 1.082857
65402 1.082857
65523 1.082857
65569 1.082857
65625 1.082857
65632 1.082857
65654 1.082857
65672 1.082857
65785 1.072135
65843 1.072135
65894 1.072135
66068 1.072135
66115 1.072135
66170 1.072135
66283 1.072135
66333 1.072135
66360 1.072135
66533 1.072135
66580 1.072135
66587 1.072135
66595 1.072135
66732 1.072135
66733 1.072135
66778 1.072135
66884 1.072135
66885 1.072135
67031 1.072135
67101 1.072135
67171 1.072135
67175 1.072135
67186 1.072135
67247 1.072135
67318 1.072135
67380 1.072135
67551 1.072135
67706 1.072135
67870 1.072135
67900 1.072135
67964 1.072135
67970 1.072135
67983 1.072135
68178 1.072135
68226 1.072135
68229 1.072135
68255 1.072135
68272 1.072135
68299 1.072135
68371 1.072135
68379 1.061520
68406 1.061520
68428 1.061520
68436 1.061520
68496 1.061520
68520 1.061520
68550 1.061520
68580 1.061520
68634 1.061520
68710 1.061520
68743 1.061520
68759 1.061520
68769 1.061520
68885 1.061520
68937 1.061520
68954 1.061520
68968 1.061520
69018 1.061520
69034 1.061520
69041 1.061520
69067 1.061520
69171 1.061520
69183 1.061520
69218 1.061520
69232 1.061520
69233 1.061520
69242 1.061520
69281 1.061520
69355 1.061520
69460 1.061520
69501 1.061520
69505 1.061520
69538 1.061520
69554 1.072135
69622 1.072135
69629 1.072135
69667 1.072135
69690 1.061520
69794 1.061520
69891 1.061520
69997 1.061520
70133 1.061520
70178 1.061520
70318 1.061520
70334 1.061520
70373 1.061520
70414 1.061520
70490 1.061520
70501 1.072135
70605 1.072135
70660 1.072135
70670 1.072135
70822 1.072135
70912 1.072135
70984 1.072135
70987 1.072135
71117 1.072135
71139 1.072135
71202 1.082857
71322 1.082857
71404 1.082857
71413 1.082857
71535 1.082857
71541 1.082857
71579 1.082857
71587 1.082857
71712 1.082857
71727 1.082857
71746 1.082857
71756 1.082857
71825 1.082857
71841 1.082857
71932 1.082857
72131 1.082857
72136 1.082857
72247 1.082857
72253 1.082857
72269 1.082857
72320 1.082857
72338 1.082857
72401 1.082857
72407 1.082857
72438 1.082857
72523 1.082857
72550 1.082857
72558 1.082857
72631 1.082857
72776 1.082857
72840 1.082857
72881 1.082857
72885 1.082857
72901 1.082857
72906 1.082857
72930 1.082857
72943 1.082857
73136 1.082857
73336 1.082857
73363 1.082857
73364 1.082857
73383 1.082857
73419 1.082857
73510 1.082857
73518 1.082857
73533 1.082857
73585 1.082857
73694 1.082857
73714 1.082857
73838 1.082857
73932 1.082857
74011 1.082857
74028 1.082857
74072 1.082857
74094 1.093685
74185 1.093685
74195 1.093685
74242 1.093685
74245 1.093685
74335 1.093685
74413 1.093685
74416 1.093685
74449 1.093685
74450 1.093685
74556 1.093685
74582 1.093685
74595 1.093685
74615 1.093685
74696 1.093685
74771 1.104622
74780 1.104622
74957 1.104622
75048 1.104622
75114 1.104622
75178 1.104622
75190 1.104622
75214 1.104622
75289 1.104622
75309 1.104622
75383 1.104622
75429 1.104622
75523 1.104622
75537 1.104622
75543 1.104622
75546 1.104622
75549 1.104622
75616 1.104622
75631 1.104622
75690 1.104622
75692 1.104622
75763 1.104622
75783 1.104622
75868 1.104622
75973 1.104622
75997 1.104622
76020 1.104622
76036 1.104622
76054 1.104622
76101 1.104622
76300 1.104622
76358 1.104622
76416 1.104622
76446 1.104622
76450 1.104622
76491 1.104622
76508 1.104622
76602 1.104622
76670 1.104622
76705 1.104622
76710 1.104622
76741 1.104622
76911 1.104622
76918 1.104622
77076 1.104622
77128 1.104622
77167 1.104622
77187 1.104622
77226 1.104622
77299 1.104622
77371 1.104622
77419 1.104622
77441 1.104622
77501 1.115668
77604 1.115668
77676 1.115668
77822 1.115668
77868 1.115668
77870 1.115668
77915 1.115668
77952 1.115668
78010 1.115668
78126 1.115668
78201 1.115668
78248 1.115668
78292 1.115668
78327 1.115668
78347 1.115668
78363 1.115668
78387 1.115668
78392 1.115668
78403 1.115668
78404 1.115668
78493 1.115668
78521 1.115668
78556 1.115668
78625 1.115668
78750 1.115668
78752 1.115668
78937 1.115668
78942 1.115668
79002 1.115668
79022 1.115668
79066 1.115668
79089 1.126825
79118 1.126825
79131 1.126825
79145 1.126825
79210 1.126825
79281 1.126825
79451 1.126825
79502 1.126825
79613 1.126825
79671 1.126825
79680 1.126825
79758 1.126825
79780 1.126825
79817 1.126825
79828 1.126825
79871 1.126825
79895 1.126825
79969 1.126825
79972 1.126825
79990 1.126825
80081 1.126825
80157 1.126825
80167 1.126825
80269 1.126825
80280 1.126825
80397 1.126825
80424 1.126825
80447 1.126825
80537 1.126825
80638 1.126825
80652 1.126825
80657 1.126825
80752 1.126825
80897 1.126825
81021 1.126825
81024 1.126825
81038 1.126825
81096 1.126825
81101 1.126825
81109 1.126825
81209 1.126825
81343 1.126825
81381 1.126825
81392 1.126825
81424 1.126825
81488 1.126825
81490 1.126825
81503 1.126825
81646 1.126825
81683 1.126825
81851 1.126825
81916 1.126825
81925 1.126825
81937 1.126825
81943 1.126825
82000 1.126825
82044 1.126825
82076 1.126825
82083 1.126825
82084 1.126825
82107 1.126825
82131 1.138093
82139 1.138093
82179 1.138093
82191 1.138093
82246 1.138093
82310 1.138093
82371 1.138093
82442 1.138093
82465 1.138093
82478 1.138093
82639 1.149474
82684 1.149474
82692 1.149474
82771 1.149474
82828 1.149474
83014 1.149474
83084 1.149474
83277 1.149474
83298 1.149474
83462 1.149474
83490 1.149474
83576 1.149474
83590 1.149474
83597 1.149474
83636 1.149474
83727 1.149474
83838 1.149474
83856 1.149474
83904 1.149474
83914 1.149474
83954 1.149474
83957 1.149474
84002 1.149474
84022 1.149474
84034 1.149474
84134 1.149474
84176 1.149474
84231 1.149474
84245 1.149474
84299 1.149474
84325 1.149474
84332 1.149474
84479 1.149474
84574 1.149474
84624 1.149474
84676 1.149474
84711 1.149474
84759 1.149474
84762 1.149474
84771 1.149474
84864 1.149474
84899 1.149474
84960 1.149474
85048 1.149474
85146 1.149474
85173 1.149474
85239 1.149474
85346 1.149474
85359 1.149474
85441 1.138093
85442 1.138093
85466 1.138093
85528 1.138093
85542 1.138093
85613 1.138093
85639 1.138093
85650 1.138093
85694 1.138093
85729 1.138093
85824 1.138093
85840 1.138093
85889 1.138093
85937 1.138093
86044 1.149474
86087 1.149474
86089 1.149474
86154 1.149474
86271 1.149474
86442 1.149474
86593 1.149474
86661 1.149474
86784 1.149474
86912 1.149474
86924 1.149474
86957 1.149474
87030 1.149474
87035 1.149474
87049 1.149474
87075 1.149474
87264 1.149474
87296 1.149474
87448 1.149474
87633 1.149474
87698 1.149474
87706 1.149474
87778 1.149474
87822 1.149474
87842 1.149474
87871 1.149474
87887 1.149474
87895 1.149474
87907 1.149474
87909 1.149474
87941 1.149474
87945 1.149474
88124 1.149474
88134 1.149474
88163 1.149474
88172 1.149474
88200 1.149474
88294 1.149474
88307 1.149474
88343 1.149474
88384 1.149474
88416 1.149474
88532 1.149474
88559 1.149474
88725 1.149474
88741 1.149474
88854 1.149474
88883 1.149474
88927 1.149474
88932 1.149474
89041 1.149474
89050 1.149474
89111 1.149474
89201 1.149474
89264 1.149474
89281 1.149474
89321 1.149474
89324 1.149474
89353 1.149474
89446 1.149474
89489 1.149474
89513 1.149474
89663 1.149474
89725 1.149474
89767 1.149474
89799 1.149474
89809 1.149474
89812 1.149474
89890 1.160969
89958 1.160969
90023 1.160969
90104 1.160969
90152 1.160969
90290 1.160969
90426 1.160969
90479 1.160969
90513 1.160969
90521 1.160969
90653 1.160969
90705 1.160969
90771 1.160969
90856 1.160969
90892 1.160969
91024 1.160969
91061 1.160969
91088 1.160969
91204 1.160969
91278 1.160969
91316 1.160969
91454 1.160969
91472 1.160969
91667 1.160969
91687 1.160969
91712 1.160969
91878 1.160969
92054 1.160969
92071 1.160969
92176 1.160969
92239 1.160969
92275 1.160969
92404 1.160969
92418 1.160969
92422 1.160969
92425 1.160969
92443 1.160969
92495 1.160969
92603 1.160969
92735 1.160969
92748 1.160969
92789 1.160969
92795 1.160969
92828 1.160969
92927 1.160969
92966 1.160969
93060 1.160969
93146 1.160969
93190 1.160969
93208 1.160969
93210 1.160969
93277 1.160969
93305 1.160969
93306 1.160969
93318 1.160969
93333 1.160969
93379 1.160969
93416 1.160969
93462 1.160969
93523 1.160969
93561 1.160969
93696 1.160969
93776 1.160969
93778 1.160969
93891 1.160969
94071 1.160969
94128 1.160969
94163 1.160969
94291 1.160969
94302 1.160969
94354 1.160969
94436 1.160969
94455 1.160969
94467 1.160969
94548 1.160969
94709 1.160969
94852 1.160969
94901 1.160969
94921 1.160969
94944 1.160969
95061 1.160969
95108 1.160969
95116 1.160969
95161 1.160969
95198 1.160969
95211 1.160969
95241 1.160969
95380 1.160969
95388 1.160969
95564 1.160969
95599 1.160969
95643 1.160969
95670 1.160969
95700 1.160969
95701 1.160969
95778 1.160969
95837 1.160969
95967 1.160969
96090 1.172579
96154 1.160969
96194 1.160969
96318 1.160969
96378 1.160969
96405 1.160969
96409 1.172579
96412 1.172579
96468 1.172579
96488 1.172579
96557 1.172579
96599 1.172579
96605 1.172579
96634 1.172579
96750 1.172579
96764 1.172579
96772 1.172579
96857 1.172579
96903 1.160969
96978 1.160969
97042 1.160969
97082 1.160969
97162 1.160969
97171 1.160969
97255 1.160969
97301 1.160969
97314 1.160969
97375 1.172579
97407 1.172579
97435 1.172579
97533 1.172579
97597 1.172579
97746 1.172579
97789 1.172579
97854 1.172579
97884 1.172579
98062 1.172579
98087 1.184304
98147 1.184304
98156 1.184304
98234 1.184304
98247 1.184304
98256 1.184304
98266 1.184304
98316 1.184304
98369 1.184304
98382 1.184304
98444 1.184304
98502 1.184304
98574 1.184304
98694 1.184304
98749 1.184304
98884 1.184304
98981 1.184304
99100 1.172579
99114 1.172579
99121 1.172579
99146 1.172579
99281 1.172579
99297 1.160969
99331 1.160969
99363 1.160969
99381 1.149474
99491 1.149474
99505 1.149474
99556 1.149474
99595 1.149474
99754 1.149474
99755 1.149474
99783 1.149474
99850 1.149474
99952 1.138093
99989 1.138093
