1000	1000
0
128
15
2
15
163
170
54
176
170
126
147
170
14
217
170
170
170
140
53
94
167
235
117
194
74
214
121
174
227
58
4
38
117
218
96
154
189
80
82
13
198
78
77
119
184
42
230
104
240
154
136
239
86
188
105
186
235
89
188
126
162
106
41
154
113
219
122
247
167
144
151
50
128
166
180
253
247
251
201
194
219
240
66
138
37
109
248
30
137
38
97
107
75
29
3
43
84
104
47
194
133
53
235
102
75
11
48
131
116
83
86
94
65
22
204
248
188
8
12
53
75
198
206
61
134
92
124
35
70
10
231
197
254
72
56
243
79
7
41
211
214
58
117
131
73
149
140
1
194
148
140
72
90
192
109
188
250
46
123
200
110
72
10
198
187
207
101
31
179
33
7
179
198
184
14
123
27
244
236
108
224
26
96
159
222
156
165
176
80
155
233
100
245
170
0
128
4
0
0
19
160
226
50
236
236
214
9
140
224
187
83
3
189
161
112
130
254
227
221
224
47
171
172
61
2
184
49
229
160
95
255
118
61
208
19
70
239
155
78
255
192
115
41
140
2
49
164
57
226
28
127
21
64
103
173
155
190
251
6
146
23
119
60
50
179
117
16
136
120
16
197
28
226
163
213
208
86
210
228
11
179
207
242
23
43
214
212
200
81
250
229
95
114
36
249
173
41
89
146
124
46
59
87
42
111
211
193
151
98
141
24
66
153
132
158
174
151
0
10
11
226
61
55
18
89
111
30
49
200
2
2
232
186
38
234
115
142
139
84
169
205
105
40
36
187
196
235
162
44
238
53
171
153
77
101
116
115
94
147
4
183
250
198
149
195
217
103
61
104
84
246
205
64
111
252
250
66
22
65
186
147
167
62
241
159
177
213
77
105
252
64
110
31
201
72
75
242
90
183
209
37
181
15
205
99
166
124
11
85
3
8
191
116
51
14
37
28
241
241
101
226
78
13
185
40
245
238
209
239
179
192
119
236
55
7
111
221
22
145
161
29
18
168
122
118
155
140
143
55
150
32
131
135
94
227
43
249
8
34
241
97
236
108
118
229
96
71
124
87
199
33
2
194
203
137
176
66
230
159
118
25
39
201
113
0
51
168
14
187
138
75
113
240
11
162
24
57
187
53
187
120
194
21
119
107
182
19
44
128
28
49
36
234
44
86
245
244
213
70
168
149
1
208
26
69
26
74
163
16
205
58
246
233
14
86
72
64
92
175
181
215
70
41
223
209
46
46
216
12
77
163
66
176
247
27
180
8
32
75
96
145
32
191
243
81
179
203
189
106
68
195
18
239
107
110
240
246
180
185
225
239
162
169
35
52
243
147
7
225
38
143
151
229
59
42
123
89
186
91
30
17
246
185
12
113
147
234
159
130
70
95
218
69
220
62
149
72
126
160
218
118
51
253
144
51
166
228
86
169
42
240
178
92
251
247
107
5
198
132
51
157
108
136
137
184
4
76
222
20
31
170
247
114
79
125
146
164
234
86
76
232
11
113
194
116
218
231
247
82
13
36
246
110
175
156
184
238
32
186
71
193
94
25
36
123
130
247
230
96
142
231
37
190
101
197
150
129
27
239
119
1
111
178
46
30
150
3
45
143
59
112
24
119
195
86
42
57
213
83
213
142
26
254
168
213
65
214
118
170
71
121
181
185
245
23
36
212
170
37
177
68
90
86
153
93
215
199
209
86
79
121
165
87
22
5
159
210
166
139
170
23
229
236
119
35
166
57
32
185
113
107
11
181
135
84
18
156
33
213
224
119
249
82
158
226
11
99
208
96
157
204
121
241
125
176
134
231
138
1
105
245
117
59
5
137
201
82
202
91
41
232
33
70
217
196
10
88
129
128
3
37
45
129
45
96
151
45
170
172
169
87
73
175
62
254
101
104
41
56
10
195
120
105
90
107
250
184
47
224
254
196
2
201
94
146
12
139
188
203
170
26
12
36
6
16
82
29
244
252
173
238
26
252
149
190
84
142
97
23
87
163
12
151
148
245
56
232
95
155
115
242
80
218
186
78
233
63
59
254
122
234
95
92
66
45
8
81
215
86
24
199
200
200
50
97
128
81
196
105
109
183
69
10
98
148
187
191
58
100
129
11
191
221
71
107
202
127
90
137
171
107
38
178
202
120
249
138
143
132
9
254
128
8
185
123
169
239
24
93
65
169
170
171
138
123
108
1
249
25
18
205
151
118
147
190
167
219
231
122
137
55
15
144
222
182
87
173
237
148
216
18
70
52
64
69
164
108
214
7
24
35
184
135
100
31
103
213
165
24
134
153
54
17
223
5
208
232
167
8
246
43
3
197
144
45
203
67
214
89
141
102
111
199
213
30
218
13
171
222
14
88
94
80
93
187
128
71
158
198
50
245
139
91
162
94
104
189
209
12
230
234
154
4
70
43
240
250
193
233
103
193
40
194
245
5
200
220
250
60
144
121
127
218
118
204
187
196
22
12
220
8
156
198
4
203
229
119
145
131
225
90
161
102
60
127
213
33
61
29
86
206
238
41
22
32
125
39
89
225
226
65
115
159
194
150
211
162
147
212
64
33
2
9
99
181
145
182
134
13
133
38
155
228
255
253
128
48
105
20
129
156
19
132
31
57
30
1
15
112
154
106
134
60
235
157
180
150
113
144
142
48
104
158
209
101
12
30
68
112
1
58
61
221
243
255
102
62
122
176
193
31
64
96
234
60
101
191
157
241
34
53
119
241
173
45
1
59
93
180
234
74
15
66
148
140
200
215
211
22
156
74
241
150
206
222
245
137
56
23
36
174
237
204
201
186
30
124
50
77
58
230
251
37
89
211
143
146
219
55
235
41
76
120
165
189
139
14
45
139
44
76
84
181
26
125
10
242
129
51
108
131
235
220
254
105
169
150
52
213
116
69
56
224
84
226
231
124
193
22
28
170
8
7
50
238
241
114
196
0
159
250
183
197
183
191
123
125
197
51
141
62
219
41
65
161
123
47
190
187
182
30
74
79
150
239
200
65
186
208
126
78
64
119
28
251
232
183
250
203
117
81
162
181
87
12
142
213
136
8
51
98
180
79
62
224
156
173
29
151
188
194
193
67
43
85
162
13
196
235
4
186
131
152
121
35
49
22
168
229
68
20
76
89
1
208
128
199
227
232
57
214
64
110
20
71
42
58
82
227
148
132
32
178
181
178
28
110
178
110
22
55
119
252
19
136
229
202
152
106
51
73
37
232
142
252
255
194
3
207
50
102
159
169
215
27
213
68
147
128
31
61
96
53
232
103
144
216
170
101
15
51
84
120
232
179
238
149
10
28
127
187
77
124
47
131
176
94
169
249
228
63
195
170
15
70
97
254
202
47
150
200
107
137
13
28
138
33
168
97
190
190
102
166
168
14
138
58
51
225
250
118
25
149
229
222
170
209
168
105
201
119
243
28
55
211
39
221
20
25
3
135
162
14
128
58
77
5
249
245
232
13
143
102
58
105
204
0
185
64
135
79
149
150
7
136
248
123
107
101
141
130
72
47
63
117
149
28
67
71
196
220
88
74
50
111
77
162
193
57
196
250
195
88
55
118
27
53
56
232
158
89
253
70
192
131
27
92
108
247
146
190
51
24
10
1
169
57
92
42
12
177
84
103
39
45
182
253
118
75
126
130
139
100
108
76
176
168
192
41
206
113
67
80
142
209
134
152
189
109
110
232
245
143
240
239
122
118
26
21
98
241
83
177
249
44
227
124
99
201
182
70
131
50
92
231
28
46
85
121
54
179
140
196
196
252
33
250
131
218
107
165
37
79
62
221
175
89
105
190
32
12
131
25
83
227
232
106
38
88
254
10
220
178
189
166
192
31
110
240
11
2
178
148
8
142
199
110
118
148
7
250
46
153
177
12
6
44
236
193
244
119
9
181
119
19
9
118
50
33
95
57
218
150
247
204
83
214
118
204
22
133
196
24
214
153
200
133
99
180
114
212
206
178
255
225
206
125
120
28
98
41
124
61
184
61
64
52
78
78
212
95
87
211
168
0
96
52
78
238
51
36
129
139
252
49
103
245
170
153
19
129
152
96
78
101
109
159
151
180
65
31
104
144
1
38
187
155
20
145
205
174
62
35
34
206
197
29
201
91
211
15
225
139
28
237
92
23
192
101
3
52
115
112
186
197
219
40
6
207
57
217
204
45
76
90
92
133
115
158
173
122
17
134
234
35
53
249
46
188
123
55
141
156
45
106
83
103
174
127
144
133
25
51
212
211
37
113
55
152
76
219
156
186
44
167
55
50
45
172
77
189
100
188
59
212
183
53
186
223
66
211
97
166
250
200
108
8
144
15
187
239
153
253
30
131
235
25
207
158
74
45
64
128
68
157
23
197
89
248
119
148
95
205
130
24
37
192
28
52
87
220
241
114
161
43
185
61
23
132
187
81
213
165
143
111
226
130
41
85
91
220
19
237
205
20
250
197
226
66
108
191
64
130
224
10
174
142
247
80
120
146
1
49
21
59
195
241
8
17
120
109
4
8
21
84
83
81
209
147
