MOLREACT:	1|22221000000	12222|1000000	110000000000	122222222100
IMPORT:	122221000000
MOLREACT:	12233|3200000	23233222|2320	122332320000	232332223200
IMPORT:	122332222232
MOLREACT:	2333332|33232	1233233|33100	233333233100	123323333232
IMPORT:	233200000000
MOLREACT:	2|32332233100	13|3222331000	232223310000	133233223310
IMPORT:	122222210000
IMPORT:	233333222232
REACTION:	19	19	0	142
IMPORT:	19
REACTION:	50	326	79	203
IMPORT:	524
REACTION:	565	192	188	569
IMPORT:	10
REACTION:	182	110	67	296
IMPORT:	53
IMPORT:	531
